0.0
0.64442885
0.0
0.64445937
0.0
0.6444899
0.0
0.6445204
0.0
0.6445509
0.0
0.64458144
0.0
0.64461195
0.0
0.6446425
0.0
0.644673
0.0
0.6447035
0.0
0.644734
0.0
0.64476454
0.0
0.64479506
0.0
0.6448256
0.0
0.6448561
0.0
0.6448866
0.0
0.64491713
0.0
0.64494765
0.0
0.64497817
0.0
0.6450087
0.0
0.6450392
0.0
0.6450697
0.0
0.64510024
0.0
0.64513075
0.0
0.6451613
0.0
0.6451918
0.0
0.6452223
0.0
0.6452528
0.0
0.64528334
0.0
0.64531386
0.0
0.6453444
0.0
0.6453749
0.0
0.6454054
0.0
0.6454359
0.0
0.64546645
0.0
0.64549696
0.0
0.6455275
0.0
0.64555806
0.0
0.6455886
0.0
0.6456191
0.0
0.6456496
0.0
0.6456801
0.0
0.64571065
0.0
0.64574116
0.0
0.6457717
0.0
0.6458022
0.0
0.6458327
0.0
0.64586323
0.0
0.64589375
0.0
0.64592427
0.0
0.6459548
0.0
0.6459853
0.0
0.6460158
0.0
0.64604634
0.0
0.64607686
0.0
0.6461074
0.0
0.6461379
0.0
0.6461684
0.0
0.6461989
0.0
0.64622945
0.0
0.64625996
0.0
0.6462905
0.0
0.646321
0.0
0.6463515
0.0
0.64638203
0.0
0.64641255
0.0
0.64644307
0.0
0.6464736
0.0
0.6465041
0.0
0.6465346
0.0
0.64656514
0.0
0.64659566
0.0
0.6466262
0.0
0.6466567
0.0
0.6466872
0.0
0.6467177
0.0
0.64674824
0.0
0.64677876
0.0
0.6468093
0.0
0.6468398
0.0
0.6468703
0.0
0.64690083
0.0
0.64693135
0.0
0.64696187
0.0
0.6469924
0.0
0.6470229
0.0
0.6470534
0.0
0.64708394
0.0
0.64711446
0.0
0.647145
0.0
0.6471755
0.0
0.647206
0.0
0.6472365
0.0
0.64726704
0.0
0.64729756
0.0
0.6473281
0.0
0.6473586
0.0
0.6473891
0.0
0.64741963
0.0
0.64745015
0.0
0.6474807
0.0
0.64751124
0.0
0.64754176
0.0
0.6475723
0.0
0.6476028
0.0
0.6476333
0.0
0.64766383
0.0
0.64769435
0.0
0.64772487
0.0
0.6477554
0.0
0.6477859
0.0
0.6478164
0.0
0.64784694
0.0
0.64787745
0.0
0.647908
0.0
0.6479385
0.0
0.647969
0.0
0.6479995
0.0
0.64803004
0.0
0.64806056
0.0
0.6480911
0.0
0.6481216
0.0
0.6481521
0.0
0.64818263
0.0
0.64821315
0.0
0.64824367
0.0
0.6482742
0.0
0.6483047
0.0
0.6483352
0.0
0.64836574
0.0
0.64839625
0.0
0.6484268
0.0
0.6484573
0.0
0.6484878
0.0
0.6485183
0.0
0.64854884
0.0
0.64857936
0.0
0.6486099
0.0
0.6486404
0.0
0.6486709
0.0
0.6487014
0.0
0.64873195
0.0
0.64876246
0.0
0.648793
0.0
0.6488235
0.0
0.648854
0.0
0.64888453
0.0
0.64891505
0.0
0.64894557
0.0
0.6489761
0.0
0.6490066
0.0
0.6490371
0.0
0.64906764
0.0
0.64909816
0.0
0.6491287
0.0
0.6491592
0.0
0.6491897
0.0
0.6492202
0.0
0.64925075
0.0
0.64928126
0.0
0.6493118
0.0
0.6493423
0.0
0.6493728
0.0
0.64940333
0.0
0.64943385
0.0
0.6494644
0.0
0.64949495
0.0
0.64952546
0.0
0.649556
0.0
0.6495865
0.0
0.649617
0.0
0.64964753
0.0
0.64967805
0.0
0.64970857
0.0
0.6497391
0.0
0.6497696
0.0
0.6498001
0.0
0.64983064
0.0
0.64986116
0.0
0.6498917
0.0
0.6499222
0.0
0.6499527
0.0
0.6499832
0.0
0.65001374
0.0
0.65004426
0.0
0.6500748
0.0
0.6501053
0.0
0.6501358
0.0
0.65016633
0.0
0.65019685
0.0
0.65022737
0.0
0.6502579
0.0
0.6502884
0.0
0.6503189
0.0
0.65034944
0.0
0.65037996
0.0
0.6504105
0.0
0.650441
0.0
0.6504715
0.0
0.650502
0.0
0.65053254
0.0
0.65056306
0.0
0.6505936
0.0
0.6506241
0.0
0.6506546
0.0
0.65068513
0.0
0.65071565
0.0
0.65074617
0.0
0.6507767
0.0
0.6508072
0.0
0.6508377
0.0
0.65086824
0.0
0.65089875
0.0
0.6509293
0.0
0.6509598
0.0
0.6509903
0.0
0.6510208
0.0
0.65105134
0.0
0.65108186
0.0
0.6511124
0.0
0.6511429
0.0
0.6511734
0.0
0.65120393
0.0
0.65123445
0.0
0.65126497
0.0
0.6512955
0.0
0.651326
0.0
0.6513565
0.0
0.6513871
0.0
0.6514176
0.0
0.65144813
0.0
0.65147865
0.0
0.65150917
0.0
0.6515397
0.0
0.6515702
0.0
0.6516007
0.0
0.65163124
0.0
0.65166175
0.0
0.6516923
0.0
0.6517228
0.0
0.6517533
0.0
0.6517838
0.0
0.65181434
0.0
0.65184486
0.0
0.6518754
0.0
0.6519059
0.0
0.6519364
0.0
0.6519669
0.0
0.65199745
0.0
0.65202796
0.0
0.6520585
0.0
0.652089
0.0
0.6521195
0.0
0.65215003
0.0
0.65218055
0.0
0.65221107
0.0
0.6522416
0.0
0.6522721
0.0
0.6523026
0.0
0.65233314
0.0
0.65236366
0.0
0.6523942
0.0
0.6524247
0.0
0.6524552
0.0
0.6524857
0.0
0.65251625
0.0
0.65254676
0.0
0.6525773
0.0
0.6526078
0.0
0.6526383
0.0
0.65266883
0.0
0.65269935
0.0
0.65272987
0.0
0.6527604
0.0
0.6527909
0.0
0.6528214
0.0
0.65285194
0.0
0.65288246
0.0
0.652913
0.0
0.6529435
0.0
0.652974
0.0
0.6530045
0.0
0.65303504
0.0
0.65306556
0.0
0.6530961
0.0
0.6531266
0.0
0.6531571
0.0
0.65318763
0.0
0.65321815
0.0
0.65324867
0.0
0.6532792
0.0
0.6533097
0.0
0.6533402
0.0
0.6533708
0.0
0.6534013
0.0
0.65343183
0.0
0.65346235
0.0
0.65349287
0.0
0.6535234
0.0
0.6535539
0.0
0.6535844
0.0
0.65361494
0.0
0.65364546
0.0
0.653676
0.0
0.6537065
0.0
0.653737
0.0
0.6537675
0.0
0.65379804
0.0
0.65382856
0.0
0.6538591
0.0
0.6538896
0.0
0.6539201
0.0
0.65395063
0.0
0.65398115
0.0
0.65401167
0.0
0.6540422
0.0
0.6540727
0.0
0.6541032
0.0
0.65413374
0.0
0.65416425
0.0
0.6541948
0.0
0.6542253
0.0
0.6542558
0.0
0.6542863
0.0
0.65431684
0.0
0.65434736
0.0
0.6543779
0.0
0.6544084
0.0
0.6544389
0.0
0.65446943
0.0
0.65449995
0.0
0.65453047
0.0
0.654561
0.0
0.6545915
0.0
0.654622
0.0
0.65465254
0.0
0.65468305
0.0
0.6547136
0.0
0.6547441
0.0
0.6547746
0.0
0.6548051
0.0
0.65483564
0.0
0.65486616
0.0
0.6548967
0.0
0.6549272
0.0
0.6549577
0.0
0.6549882
0.0
0.65501875
0.0
0.65504926
0.0
0.6550798
0.0
0.6551103
0.0
0.6551408
0.0
0.65517133
0.0
0.65520185
0.0
0.65523237
0.0
0.6552629
0.0
0.65529346
0.0
0.655324
0.0
0.6553545
0.0
0.655385
0.0
0.65541553
0.0
0.65544605
0.0
0.65547657
0.0
0.6555071
0.0
0.6555376
0.0
0.6555681
0.0
0.65559864
0.0
0.65562916
0.0
0.6556597
0.0
0.6556902
0.0
0.6557207
0.0
0.6557512
0.0
0.65578175
0.0
0.65581226
0.0
0.6558428
0.0
0.6558733
0.0
0.6559038
0.0
0.65593433
0.0
0.65596485
0.0
0.65599537
0.0
0.6560259
0.0
0.6560564
0.0
0.6560869
0.0
0.65611744
0.0
0.65614796
0.0
0.6561785
0.0
0.656209
0.0
0.6562395
0.0
0.65627
0.0
0.65630054
0.0
0.65633106
0.0
0.6563616
0.0
0.6563921
0.0
0.6564226
0.0
0.65645313
0.0
0.65648365
0.0
0.65651417
0.0
0.6565447
0.0
0.6565752
0.0
0.6566057
0.0
0.65663624
0.0
0.65666676
0.0
0.6566973
0.0
0.6567278
0.0
0.6567583
0.0
0.6567888
0.0
0.65681934
0.0
0.65684986
0.0
0.6568804
0.0
0.6569109
0.0
0.6569414
0.0
0.65697193
0.0
0.65700245
0.0
0.65703297
0.0
0.6570635
0.0
0.657094
0.0
0.6571245
0.0
0.65715504
0.0
0.65718555
0.0
0.6572161
0.0
0.6572466
0.0
0.65727717
0.0
0.6573077
0.0
0.6573382
0.0
0.6573687
0.0
0.65739924
0.0
0.65742975
0.0
0.6574603
0.0
0.6574908
0.0
0.6575213
0.0
0.6575518
0.0
0.65758234
0.0
0.65761286
0.0
0.6576434
0.0
0.6576739
0.0
0.6577044
0.0
0.65773493
0.0
0.65776545
0.0
0.65779597
0.0
0.6578265
0.0
0.657857
0.0
0.6578875
0.0
0.65791804
0.0
0.65794855
0.0
0.6579791
0.0
0.6580096
0.0
0.6580401
0.0
0.6580706
0.0
0.65810114
0.0
0.65813166
0.0
0.6581622
0.0
0.6581927
0.0
0.6582232
0.0
0.6582537
0.0
0.65828425
0.0
0.65831476
0.0
0.6583453
0.0
0.6583758
0.0
0.6584063
0.0
0.65843683
0.0
0.65846735
0.0
0.65849787
0.0
0.6585284
0.0
0.6585589
0.0
0.6585894
0.0
0.65861994
0.0
0.65865046
0.0
0.658681
0.0
0.6587115
0.0
0.658742
0.0
0.6587725
0.0
0.65880305
0.0
0.65883356
0.0
0.6588641
0.0
0.6588946
0.0
0.6589251
0.0
0.65895563
0.0
0.65898615
0.0
0.65901667
0.0
0.6590472
0.0
0.6590777
0.0
0.6591082
0.0
0.65913874
0.0
0.65916926
0.0
0.65919983
0.0
0.65923035
0.0
0.65926087
0.0
0.6592914
0.0
0.6593219
0.0
0.6593524
0.0
0.65938294
0.0
0.65941346
0.0
0.659444
0.0
0.6594745
0.0
0.659505
0.0
0.6595355
0.0
0.65956604
0.0
0.65959656
0.0
0.6596271
0.0
0.6596576
0.0
0.6596881
0.0
0.65971863
0.0
0.65974915
0.0
0.65977967
0.0
0.6598102
0.0
0.6598407
0.0
0.6598712
0.0
0.65990174
0.0
0.65993226
0.0
0.6599628
0.0
0.6599933
0.0
0.6600238
0.0
0.6600543
0.0
0.66008484
0.0
0.66011536
0.0
0.6601459
0.0
0.6601764
0.0
0.6602069
0.0
0.66023743
0.0
0.66026795
0.0
0.66029847
0.0
0.660329
0.0
0.6603595
0.0
0.66039
0.0
0.66042054
0.0
0.66045105
0.0
0.6604816
0.0
0.6605121
0.0
0.6605426
0.0
0.6605731
0.0
0.66060364
0.0
0.66063416
0.0
0.6606647
0.0
0.6606952
0.0
0.6607257
0.0
0.66075623
0.0
0.66078675
0.0
0.66081727
0.0
0.6608478
0.0
0.6608783
0.0
0.6609088
0.0
0.66093934
0.0
0.66096985
0.0
0.6610004
0.0
0.6610309
0.0
0.6610614
0.0
0.6610919
0.0
0.66112244
0.0
0.66115296
0.0
0.66118354
0.0
0.66121405
0.0
0.6612446
0.0
0.6612751
0.0
0.6613056
0.0
0.6613361
0.0
0.66136664
0.0
0.66139716
0.0
0.6614277
0.0
0.6614582
0.0
0.6614887
0.0
0.6615192
0.0
0.66154975
0.0
0.66158026
0.0
0.6616108
0.0
0.6616413
0.0
0.6616718
0.0
0.66170233
0.0
0.66173285
0.0
0.66176337
0.0
0.6617939
0.0
0.6618244
0.0
0.6618549
0.0
0.66188544
0.0
0.66191596
0.0
0.6619465
0.0
0.661977
0.0
0.6620075
0.0
0.662038
0.0
0.66206855
0.0
0.66209906
0.0
0.6621296
0.0
0.6621601
0.0
0.6621906
0.0
0.66222113
0.0
0.66225165
0.0
0.66228217
0.0
0.6623127
0.0
0.6623432
0.0
0.6623737
0.0
0.66240424
0.0
0.66243476
0.0
0.6624653
0.0
0.6624958
0.0
0.6625263
0.0
0.6625568
0.0
0.66258734
0.0
0.66261786
0.0
0.6626484
0.0
0.6626789
0.0
0.6627094
0.0
0.66273993
0.0
0.66277045
0.0
0.66280097
0.0
0.6628315
0.0
0.662862
0.0
0.6628925
0.0
0.66292304
0.0
0.66295356
0.0
0.6629841
0.0
0.6630146
0.0
0.6630451
0.0
0.6630756
0.0
0.6631062
0.0
0.6631367
0.0
0.66316724
0.0
0.66319776
0.0
0.6632283
0.0
0.6632588
0.0
0.6632893
0.0
0.6633198
0.0
0.66335034
0.0
0.66338086
0.0
0.6634114
0.0
0.6634419
0.0
0.6634724
0.0
0.66350293
0.0
0.66353345
0.0
0.66356397
0.0
0.6635945
0.0
0.663625
0.0
0.6636555
0.0
0.66368604
0.0
0.66371655
0.0
0.6637471
0.0
0.6637776
0.0
0.6638081
0.0
0.6638386
0.0
0.66386914
0.0
0.66389966
0.0
0.6639302
0.0
0.6639607
0.0
0.6639912
0.0
0.66402173
0.0
0.66405225
0.0
0.66408277
0.0
0.6641133
0.0
0.6641438
0.0
0.6641743
0.0
0.66420484
0.0
0.66423535
0.0
0.6642659
0.0
0.6642964
0.0
0.6643269
0.0
0.6643574
0.0
0.66438794
0.0
0.66441846
0.0
0.664449
0.0
0.6644795
0.0
0.66451
0.0
0.6645405
0.0
0.66457105
0.0
0.66460156
0.0
0.6646321
0.0
0.6646626
0.0
0.6646931
0.0
0.66472363
0.0
0.66475415
0.0
0.66478467
0.0
0.6648152
0.0
0.6648457
0.0
0.6648762
0.0
0.66490674
0.0
0.66493726
0.0
0.6649678
0.0
0.6649983
0.0
0.6650288
0.0
0.6650593
0.0
0.6650899
0.0
0.6651204
0.0
0.66515094
0.0
0.66518146
0.0
0.665212
0.0
0.6652425
0.0
0.665273
0.0
0.6653035
0.0
0.66533405
0.0
0.66536456
0.0
0.6653951
0.0
0.6654256
0.0
0.6654561
0.0
0.66548663
0.0
0.66551715
0.0
0.66554767
0.0
0.6655782
0.0
0.6656087
0.0
0.6656392
0.0
0.66566974
0.0
0.66570026
0.0
0.6657308
0.0
0.6657613
0.0
0.6657918
0.0
0.6658223
0.0
0.66585284
0.0
0.66588336
0.0
0.6659139
0.0
0.6659444
0.0
0.6659749
0.0
0.66600543
0.0
0.66603595
0.0
0.66606647
0.0
0.666097
0.0
0.6661275
0.0
0.666158
0.0
0.66618854
0.0
0.66621906
0.0
0.6662496
0.0
0.6662801
0.0
0.6663106
0.0
0.6663411
0.0
0.66637164
0.0
0.66640216
0.0
0.6664327
0.0
0.6664632
0.0
0.6664937
0.0
0.66652423
0.0
0.66655475
0.0
0.66658527
0.0
0.6666158
0.0
0.6666463
0.0
0.6666768
0.0
0.66670734
0.0
0.66673785
0.0
0.6667684
0.0
0.6667989
0.0
0.6668294
0.0
0.6668599
0.0
0.66689044
0.0
0.66692096
0.0
0.6669515
0.0
0.666982
0.0
0.6670126
0.0
0.6670431
0.0
0.6670736
0.0
0.6671041
0.0
0.66713464
0.0
0.66716516
0.0
0.6671957
0.0
0.6672262
0.0
0.6672567
0.0
0.66728723
0.0
0.66731775
0.0
0.66734827
0.0
0.6673788
0.0
0.6674093
0.0
0.6674398
0.0
0.66747034
0.0
0.66750085
0.0
0.6675314
0.0
0.6675619
0.0
0.6675924
0.0
0.6676229
0.0
0.66765344
0.0
0.66768396
0.0
0.6677145
0.0
0.667745
0.0
0.6677755
0.0
0.667806
0.0
0.66783655
0.0
0.66786706
0.0
0.6678976
0.0
0.6679281
0.0
0.6679586
0.0
0.66798913
0.0
0.66801965
0.0
0.66805017
0.0
0.6680807
0.0
0.6681112
0.0
0.6681417
0.0
0.66817224
0.0
0.66820276
0.0
0.6682333
0.0
0.6682638
0.0
0.6682943
0.0
0.6683248
0.0
0.66835535
0.0
0.66838586
0.0
0.6684164
0.0
0.6684469
0.0
0.6684774
0.0
0.66850793
0.0
0.66853845
0.0
0.66856897
0.0
0.6685995
0.0
0.66863
0.0
0.6686605
0.0
0.66869104
0.0
0.66872156
0.0
0.6687521
0.0
0.6687826
0.0
0.6688131
0.0
0.6688436
0.0
0.66887414
0.0
0.66890466
0.0
0.6689352
0.0
0.6689657
0.0
0.6689963
0.0
0.6690268
0.0
0.6690573
0.0
0.6690878
0.0
0.66911834
0.0
0.66914886
0.0
0.6691794
0.0
0.6692099
0.0
0.6692404
0.0
0.66927093
0.0
0.66930145
0.0
0.66933197
0.0
0.6693625
0.0
0.669393
0.0
0.6694235
0.0
0.66945404
0.0
0.66948456
0.0
0.6695151
0.0
0.6695456
0.0
0.6695761
0.0
0.6696066
0.0
0.66963714
0.0
0.66966766
0.0
0.6696982
0.0
0.6697287
0.0
0.6697592
0.0
0.66978973
0.0
0.66982025
0.0
0.66985077
0.0
0.6698813
0.0
0.6699118
0.0
0.6699423
0.0
0.66997284
0.0
0.67000335
0.0
0.6700339
0.0
0.6700644
0.0
0.6700949
0.0
0.6701254
0.0
0.67015594
0.0
0.67018646
0.0
0.670217
0.0
0.6702475
0.0
0.670278
0.0
0.67030853
0.0
0.67033905
0.0
0.67036957
0.0
0.6704001
0.0
0.6704306
0.0
0.6704611
0.0
0.67049164
0.0
0.67052215
0.0
0.6705527
0.0
0.6705832
0.0
0.6706137
0.0
0.6706442
0.0
0.67067474
0.0
0.67070526
0.0
0.6707358
0.0
0.6707663
0.0
0.6707968
0.0
0.6708273
0.0
0.67085785
0.0
0.67088836
0.0
0.67091894
0.0
0.67094946
0.0
0.67098
0.0
0.6710105
0.0
0.671041
0.0
0.6710715
0.0
0.67110205
0.0
0.67113256
0.0
0.6711631
0.0
0.6711936
0.0
0.6712241
0.0
0.67125463
0.0
0.67128515
0.0
0.67131567
0.0
0.6713462
0.0
0.6713767
0.0
0.6714072
0.0
0.67143774
0.0
0.67146826
0.0
0.6714988
0.0
0.6715293
0.0
0.6715598
0.0
0.6715903
0.0
0.67162085
0.0
0.67165136
0.0
0.6716819
0.0
0.6717124
0.0
0.6717429
0.0
0.67177343
0.0
0.67180395
0.0
0.67183447
0.0
0.671865
0.0
0.6718955
0.0
0.671926
0.0
0.67195654
0.0
0.67198706
0.0
0.6720176
0.0
0.6720481
0.0
0.6720786
0.0
0.6721091
0.0
0.67213964
0.0
0.67217016
0.0
0.6722007
0.0
0.6722312
0.0
0.6722617
0.0
0.67229223
0.0
0.67232275
0.0
0.67235327
0.0
0.6723838
0.0
0.6724143
0.0
0.6724448
0.0
0.67247534
0.0
0.67250586
0.0
0.6725364
0.0
0.6725669
0.0
0.6725974
0.0
0.6726279
0.0
0.67265844
0.0
0.67268896
0.0
0.6727195
0.0
0.67275
0.0
0.6727805
0.0
0.67281103
0.0
0.67284155
0.0
0.67287207
0.0
0.67290264
0.0
0.67293316
0.0
0.6729637
0.0
0.6729942
0.0
0.6730247
0.0
0.67305523
0.0
0.67308575
0.0
0.67311627
0.0
0.6731468
0.0
0.6731773
0.0
0.6732078
0.0
0.67323834
0.0
0.67326885
0.0
0.6732994
0.0
0.6733299
0.0
0.6733604
0.0
0.6733909
0.0
0.67342144
0.0
0.67345196
0.0
0.6734825
0.0
0.673513
0.0
0.6735435
0.0
0.67357403
0.0
0.67360455
0.0
0.67363507
0.0
0.6736656
0.0
0.6736961
0.0
0.6737266
0.0
0.67375714
0.0
0.67378765
0.0
0.6738182
0.0
0.6738487
0.0
0.6738792
0.0
0.6739097
0.0
0.67394024
0.0
0.67397076
0.0
0.6740013
0.0
0.6740318
0.0
0.6740623
0.0
0.6740928
0.0
0.67412335
0.0
0.67415386
0.0
0.6741844
0.0
0.6742149
0.0
0.6742454
0.0
0.67427593
0.0
0.67430645
0.0
0.67433697
0.0
0.6743675
0.0
0.674398
0.0
0.6744285
0.0
0.67445904
0.0
0.67448956
0.0
0.6745201
0.0
0.6745506
0.0
0.6745811
0.0
0.6746116
0.0
0.67464215
0.0
0.67467266
0.0
0.6747032
0.0
0.6747337
0.0
0.6747642
0.0
0.67479473
0.0
0.6748253
0.0
0.6748558
0.0
0.67488635
0.0
0.67491686
0.0
0.6749474
0.0
0.6749779
0.0
0.6750084
0.0
0.67503893
0.0
0.67506945
0.0
0.67509997
0.0
0.6751305
0.0
0.675161
0.0
0.6751915
0.0
0.67522204
0.0
0.67525256
0.0
0.6752831
0.0
0.6753136
0.0
0.6753441
0.0
0.6753746
0.0
0.67540514
0.0
0.67543566
0.0
0.6754662
0.0
0.6754967
0.0
0.6755272
0.0
0.67555773
0.0
0.67558825
0.0
0.67561877
0.0
0.6756493
0.0
0.6756798
0.0
0.6757103
0.0
0.67574084
0.0
0.67577136
0.0
0.6758019
0.0
0.6758324
0.0
0.6758629
0.0
0.6758934
0.0
0.67592394
0.0
0.67595446
0.0
0.675985
0.0
0.6760155
0.0
0.676046
0.0
0.67607653
0.0
0.67610705
0.0
0.67613757
0.0
0.6761681
0.0
0.6761986
0.0
0.6762291
0.0
0.67625964
0.0
0.67629015
0.0
0.6763207
0.0
0.6763512
0.0
0.6763817
0.0
0.6764122
0.0
0.67644274
0.0
0.67647326
0.0
0.6765038
0.0
0.6765343
0.0
0.6765648
0.0
0.67659533
0.0
0.67662585
0.0
0.67665637
0.0
0.6766869
0.0
0.6767174
0.0
0.6767479
0.0
0.67677844
0.0
0.676809
0.0
0.67683953
0.0
0.67687005
0.0
0.67690057
0.0
0.6769311
0.0
0.6769616
0.0
0.6769921
0.0
0.67702264
0.0
0.67705315
0.0
0.6770837
0.0
0.6771142
0.0
0.6771447
0.0
0.6771752
0.0
0.67720574
0.0
0.67723626
0.0
0.6772668
0.0
0.6772973
0.0
0.6773278
0.0
0.6773583
0.0
0.67738885
0.0
0.67741936
0.0
0.6774499
0.0
0.6774804
0.0
0.6775109
0.0
0.67754143
0.0
0.67757195
0.0
0.67760247
0.0
0.677633
0.0
0.6776635
0.0
0.677694
0.0
0.67772454
0.0
0.67775506
0.0
0.6777856
0.0
0.6778161
0.0
0.6778466
0.0
0.6778771
0.0
0.67790765
0.0
0.67793816
0.0
0.6779687
0.0
0.6779992
0.0
0.6780297
0.0
0.67806023
0.0
0.67809075
0.0
0.67812127
0.0
0.6781518
0.0
0.6781823
0.0
0.6782128
0.0
0.67824334
0.0
0.67827386
0.0
0.6783044
0.0
0.6783349
0.0
0.6783654
0.0
0.6783959
0.0
0.67842644
0.0
0.67845696
0.0
0.6784875
0.0
0.678518
0.0
0.6785485
0.0
0.67857903
0.0
0.67860955
0.0
0.67864007
0.0
0.6786706
0.0
0.6787011
0.0
0.6787317
0.0
0.6787622
0.0
0.6787927
0.0
0.67882323
0.0
0.67885375
0.0
0.67888427
0.0
0.6789148
0.0
0.6789453
0.0
0.6789758
0.0
0.67900634
0.0
0.67903686
0.0
0.6790674
0.0
0.6790979
0.0
0.6791284
0.0
0.6791589
0.0
0.67918944
0.0
0.67921996
0.0
0.6792505
0.0
0.679281
0.0
0.6793115
0.0
0.67934203
0.0
0.67937255
0.0
0.67940307
0.0
0.6794336
0.0
0.6794641
0.0
0.6794946
0.0
0.67952514
0.0
0.67955565
0.0
0.6795862
0.0
0.6796167
0.0
0.6796472
0.0
0.6796777
0.0
0.67970824
0.0
0.67973876
0.0
0.6797693
0.0
0.6797998
0.0
0.6798303
0.0
0.67986083
0.0
0.67989135
0.0
0.67992187
0.0
0.6799524
0.0
0.6799829
0.0
0.6800134
0.0
0.68004394
0.0
0.68007445
0.0
0.680105
0.0
0.6801355
0.0
0.680166
0.0
0.6801965
0.0
0.68022704
0.0
0.68025756
0.0
0.6802881
0.0
0.6803186
0.0
0.6803491
0.0
0.6803796
0.0
0.68041015
0.0
0.68044066
0.0
0.6804712
0.0
0.6805017
0.0
0.6805322
0.0
0.68056273
0.0
0.68059325
0.0
0.68062377
0.0
0.6806543
0.0
0.6806848
0.0
0.6807154
0.0
0.6807459
0.0
0.6807764
0.0
0.68080693
0.0
0.68083745
0.0
0.68086797
0.0
0.6808985
0.0
0.680929
0.0
0.6809595
0.0
0.68099004
0.0
0.68102056
0.0
0.6810511
0.0
0.6810816
0.0
0.6811121
0.0
0.6811426
0.0
0.68117315
0.0
0.68120366
0.0
0.6812342
0.0
0.6812647
0.0
0.6812952
0.0
0.68132573
0.0
0.68135625
0.0
0.68138677
0.0
0.6814173
0.0
0.6814478
0.0
0.6814783
0.0
0.68150884
0.0
0.68153936
0.0
0.6815699
0.0
0.6816004
0.0
0.6816309
0.0
0.6816614
0.0
0.68169194
0.0
0.68172246
0.0
0.681753
0.0
0.6817835
0.0
0.681814
0.0
0.68184453
0.0
0.68187505
0.0
0.68190557
0.0
0.6819361
0.0
0.6819666
0.0
0.6819971
0.0
0.68202764
0.0
0.68205816
0.0
0.6820887
0.0
0.6821192
0.0
0.6821497
0.0
0.6821802
0.0
0.68221074
0.0
0.68224126
0.0
0.6822718
0.0
0.6823023
0.0
0.6823328
0.0
0.68236333
0.0
0.68239385
0.0
0.68242437
0.0
0.6824549
0.0
0.6824854
0.0
0.6825159
0.0
0.68254644
0.0
0.68257695
0.0
0.6826075
0.0
0.68263805
0.0
0.68266857
0.0
0.6826991
0.0
0.6827296
0.0
0.6827601
0.0
0.68279064
0.0
0.68282115
0.0
0.6828517
0.0
0.6828822
0.0
0.6829127
0.0
0.6829432
0.0
0.68297374
0.0
0.68300426
0.0
0.6830348
0.0
0.6830653
0.0
0.6830958
0.0
0.68312633
0.0
0.68315685
0.0
0.68318737
0.0
0.6832179
0.0
0.6832484
0.0
0.6832789
0.0
0.68330944
0.0
0.68333995
0.0
0.6833705
0.0
0.683401
0.0
0.6834315
0.0
0.683462
0.0
0.68349254
0.0
0.68352306
0.0
0.6835536
0.0
0.6835841
0.0
0.6836146
0.0
0.6836451
0.0
0.68367565
0.0
0.68370616
0.0
0.6837367
0.0
0.6837672
0.0
0.6837977
0.0
0.68382823
0.0
0.68385875
0.0
0.68388927
0.0
0.6839198
0.0
0.6839503
0.0
0.6839808
0.0
0.68401134
0.0
0.68404186
0.0
0.6840724
0.0
0.6841029
0.0
0.6841334
0.0
0.6841639
0.0
0.68419445
0.0
0.68422496
0.0
0.6842555
0.0
0.684286
0.0
0.6843165
0.0
0.68434703
0.0
0.68437755
0.0
0.68440807
0.0
0.6844386
0.0
0.6844691
0.0
0.6844996
0.0
0.68453014
0.0
0.68456066
0.0
0.6845912
0.0
0.68462175
0.0
0.68465227
0.0
0.6846828
0.0
0.6847133
0.0
0.6847438
0.0
0.68477434
0.0
0.68480486
0.0
0.6848354
0.0
0.6848659
0.0
0.6848964
0.0
0.6849269
0.0
0.68495744
0.0
0.68498796
0.0
0.6850185
0.0
0.685049
0.0
0.6850795
0.0
0.68511003
0.0
0.68514055
0.0
0.68517107
0.0
0.6852016
0.0
0.6852321
0.0
0.6852626
0.0
0.68529314
0.0
0.68532366
0.0
0.6853542
0.0
0.6853847
0.0
0.6854152
0.0
0.6854457
0.0
0.68547624
0.0
0.68550676
0.0
0.6855373
0.0
0.6855678
0.0
0.6855983
0.0
0.68562883
0.0
0.68565935
0.0
0.68568987
0.0
0.6857204
0.0
0.6857509
0.0
0.6857814
0.0
0.68581194
0.0
0.68584245
0.0
0.685873
0.0
0.6859035
0.0
0.685934
0.0
0.6859645
0.0
0.68599504
0.0
0.68602556
0.0
0.6860561
0.0
0.6860866
0.0
0.6861171
0.0
0.68614763
0.0
0.68617815
0.0
0.68620867
0.0
0.6862392
0.0
0.6862697
0.0
0.6863002
0.0
0.68633074
0.0
0.68636125
0.0
0.6863918
0.0
0.6864223
0.0
0.6864528
0.0
0.6864833
0.0
0.68651384
0.0
0.6865444
0.0
0.68657494
0.0
0.68660545
0.0
0.686636
0.0
0.6866665
0.0
0.686697
0.0
0.6867275
0.0
0.68675804
0.0
0.68678856
0.0
0.6868191
0.0
0.6868496
0.0
0.6868801
0.0
0.6869106
0.0
0.68694115
0.0
0.68697166
0.0
0.6870022
0.0
0.6870327
0.0
0.6870632
0.0
0.68709373
0.0
0.68712425
0.0
0.68715477
0.0
0.6871853
0.0
0.6872158
0.0
0.6872463
0.0
0.68727684
0.0
0.68730736
0.0
0.6873379
0.0
0.6873684
0.0
0.6873989
0.0
0.6874294
0.0
0.68745995
0.0
0.68749046
0.0
0.687521
0.0
0.6875515
0.0
0.687582
0.0
0.68761253
0.0
0.68764305
0.0
0.68767357
0.0
0.6877041
0.0
0.6877346
0.0
0.6877651
0.0
0.68779564
0.0
0.68782616
0.0
0.6878567
0.0
0.6878872
0.0
0.6879177
0.0
0.6879482
0.0
0.68797874
0.0
0.68800926
0.0
0.6880398
0.0
0.6880703
0.0
0.6881008
0.0
0.68813133
0.0
0.68816185
0.0
0.68819237
0.0
0.6882229
0.0
0.6882534
0.0
0.6882839
0.0
0.68831444
0.0
0.68834496
0.0
0.6883755
0.0
0.688406
0.0
0.6884365
0.0
0.688467
0.0
0.68849754
0.0
0.6885281
0.0
0.68855864
0.0
0.68858916
0.0
0.6886197
0.0
0.6886502
0.0
0.6886807
0.0
0.6887112
0.0
0.68874174
0.0
0.68877226
0.0
0.6888028
0.0
0.6888333
0.0
0.6888638
0.0
0.68889433
0.0
0.68892485
0.0
0.68895537
0.0
0.6889859
0.0
0.6890164
0.0
0.6890469
0.0
0.68907744
0.0
0.68910795
0.0
0.6891385
0.0
0.689169
0.0
0.6891995
0.0
0.68923
0.0
0.68926054
0.0
0.68929106
0.0
0.6893216
0.0
0.6893521
0.0
0.6893826
0.0
0.68941313
0.0
0.68944365
0.0
0.68947417
0.0
0.6895047
0.0
0.6895352
0.0
0.6895657
0.0
0.68959624
0.0
0.68962675
0.0
0.6896573
0.0
0.6896878
0.0
0.6897183
0.0
0.6897488
0.0
0.68977934
0.0
0.68980986
0.0
0.6898404
0.0
0.6898709
0.0
0.6899014
0.0
0.6899319
0.0
0.68996245
0.0
0.68999296
0.0
0.6900235
0.0
0.690054
0.0
0.6900845
0.0
0.69011503
0.0
0.69014555
0.0
0.69017607
0.0
0.6902066
0.0
0.6902371
0.0
0.6902676
0.0
0.69029814
0.0
0.69032866
0.0
0.6903592
0.0
0.6903897
0.0
0.6904202
0.0
0.6904508
0.0
0.6904813
0.0
0.6905118
0.0
0.69054234
0.0
0.69057286
0.0
0.6906034
0.0
0.6906339
0.0
0.6906644
0.0
0.6906949
0.0
0.69072545
0.0
0.69075596
0.0
0.6907865
0.0
0.690817
0.0
0.6908475
0.0
0.69087803
0.0
0.69090855
0.0
0.69093907
0.0
0.6909696
0.0
0.6910001
0.0
0.6910306
0.0
0.69106114
0.0
0.69109166
0.0
0.6911222
0.0
0.6911527
0.0
0.6911832
0.0
0.6912137
0.0
0.69124424
0.0
0.69127476
0.0
0.6913053
0.0
0.6913358
0.0
0.6913663
0.0
0.69139683
0.0
0.69142735
0.0
0.69145787
0.0
0.6914884
0.0
0.6915189
0.0
0.6915494
0.0
0.69157994
0.0
0.69161046
0.0
0.691641
0.0
0.6916715
0.0
0.691702
0.0
0.6917325
0.0
0.69176304
0.0
0.69179356
0.0
0.6918241
0.0
0.6918546
0.0
0.6918851
0.0
0.69191563
0.0
0.69194615
0.0
0.69197667
0.0
0.6920072
0.0
0.6920377
0.0
0.6920682
0.0
0.69209874
0.0
0.69212925
0.0
0.6921598
0.0
0.6921903
0.0
0.6922208
0.0
0.6922513
0.0
0.69228184
0.0
0.69231236
0.0
0.6923429
0.0
0.6923734
0.0
0.6924039
0.0
0.6924345
0.0
0.692465
0.0
0.6924955
0.0
0.69252604
0.0
0.69255656
0.0
0.6925871
0.0
0.6926176
0.0
0.6926481
0.0
0.69267863
0.0
0.69270915
0.0
0.69273967
0.0
0.6927702
0.0
0.6928007
0.0
0.6928312
0.0
0.69286174
0.0
0.69289225
0.0
0.6929228
0.0
0.6929533
0.0
0.6929838
0.0
0.6930143
0.0
0.69304484
0.0
0.69307536
0.0
0.6931059
0.0
0.6931364
0.0
0.6931669
0.0
0.6931974
0.0
0.69322795
0.0
0.69325846
0.0
0.693289
0.0
0.6933195
0.0
0.69335
0.0
0.69338053
0.0
0.69341105
0.0
0.69344157
0.0
0.6934721
0.0
0.6935026
0.0
0.6935331
0.0
0.69356364
0.0
0.69359416
0.0
0.6936247
0.0
0.6936552
0.0
0.6936857
0.0
0.6937162
0.0
0.69374675
0.0
0.69377726
0.0
0.6938078
0.0
0.6938383
0.0
0.6938688
0.0
0.69389933
0.0
0.69392985
0.0
0.69396037
0.0
0.6939909
0.0
0.6940214
0.0
0.6940519
0.0
0.69408244
0.0
0.69411296
0.0
0.6941435
0.0
0.694174
0.0
0.6942045
0.0
0.694235
0.0
0.69426554
0.0
0.69429606
0.0
0.6943266
0.0
0.69435716
0.0
0.6943877
0.0
0.6944182
0.0
0.6944487
0.0
0.6944792
0.0
0.69450974
0.0
0.69454026
0.0
0.6945708
0.0
0.6946013
0.0
0.6946318
0.0
0.69466233
0.0
0.69469285
0.0
0.69472337
0.0
0.6947539
0.0
0.6947844
0.0
0.6948149
0.0
0.69484544
0.0
0.69487596
0.0
0.6949065
0.0
0.694937
0.0
0.6949675
0.0
0.694998
0.0
0.69502854
0.0
0.69505906
0.0
0.6950896
0.0
0.6951201
0.0
0.6951506
0.0
0.69518113
0.0
0.69521165
0.0
0.69524217
0.0
0.6952727
0.0
0.6953032
0.0
0.6953337
0.0
0.69536424
0.0
0.69539475
0.0
0.6954253
0.0
0.6954558
0.0
0.6954863
0.0
0.6955168
0.0
0.69554734
0.0
0.69557786
0.0
0.6956084
0.0
0.6956389
0.0
0.6956694
0.0
0.69569993
0.0
0.69573045
0.0
0.69576097
0.0
0.6957915
0.0
0.695822
0.0
0.6958525
0.0
0.69588304
0.0
0.69591355
0.0
0.6959441
0.0
0.6959746
0.0
0.6960051
0.0
0.6960356
0.0
0.69606614
0.0
0.69609666
0.0
0.6961272
0.0
0.6961577
0.0
0.6961882
0.0
0.6962187
0.0
0.69624925
0.0
0.69627976
0.0
0.6963103
0.0
0.69634086
0.0
0.6963714
0.0
0.6964019
0.0
0.6964324
0.0
0.6964629
0.0
0.69649345
0.0
0.69652396
0.0
0.6965545
0.0
0.696585
0.0
0.6966155
0.0
0.69664603
0.0
0.69667655
0.0
0.69670707
0.0
0.6967376
0.0
0.6967681
0.0
0.6967986
0.0
0.69682914
0.0
0.69685966
0.0
0.6968902
0.0
0.6969207
0.0
0.6969512
0.0
0.6969817
0.0
0.69701225
0.0
0.69704276
0.0
0.6970733
0.0
0.6971038
0.0
0.6971343
0.0
0.69716483
0.0
0.69719535
0.0
0.69722587
0.0
0.6972564
0.0
0.6972869
0.0
0.6973174
0.0
0.69734794
0.0
0.69737846
0.0
0.697409
0.0
0.6974395
0.0
0.69747
0.0
0.6975005
0.0
0.69753104
0.0
0.69756156
0.0
0.6975921
0.0
0.6976226
0.0
0.6976531
0.0
0.69768363
0.0
0.69771415
0.0
0.69774467
0.0
0.6977752
0.0
0.6978057
0.0
0.6978362
0.0
0.69786674
0.0
0.69789726
0.0
0.6979278
0.0
0.6979583
0.0
0.6979888
0.0
0.6980193
0.0
0.69804984
0.0
0.69808036
0.0
0.6981109
0.0
0.6981414
0.0
0.6981719
0.0
0.69820243
0.0
0.69823295
0.0
0.6982635
0.0
0.69829404
0.0
0.69832456
0.0
0.6983551
0.0
0.6983856
0.0
0.6984161
0.0
0.69844663
0.0
0.69847715
0.0
0.69850767
0.0
0.6985382
0.0
0.6985687
0.0
0.6985992
0.0
0.69862974
0.0
0.69866025
0.0
0.6986908
0.0
0.6987213
0.0
0.6987518
0.0
0.6987823
0.0
0.69881284
0.0
0.69884336
0.0
0.6988739
0.0
0.6989044
0.0
0.6989349
0.0
0.69896543
0.0
0.69899595
0.0
0.69902647
0.0
0.699057
0.0
0.6990875
0.0
0.699118
0.0
0.69914854
0.0
0.69917905
0.0
0.6992096
0.0
0.6992401
0.0
0.6992706
0.0
0.6993011
0.0
0.69933164
0.0
0.69936216
0.0
0.6993927
0.0
0.6994232
0.0
0.6994537
0.0
0.6994842
0.0
0.69951475
0.0
0.69954526
0.0
0.6995758
0.0
0.6996063
0.0
0.6996368
0.0
0.69966733
0.0
0.69969785
0.0
0.69972837
0.0
0.6997589
0.0
0.6997894
0.0
0.6998199
0.0
0.69985044
0.0
0.69988096
0.0
0.6999115
0.0
0.699942
