0
0
0
0
0
0
0
0
0
0
0
0
0
0
0
0
0
0
0
0
0
0
0
0
0
0
0
0
0
0
0
0
0
0
0
0
0
0
0
0
0
0
0
0
0
0
0
0
0
0
0
0
0
0
0
0
0
0
0
0
0
0
0
0
0
0
0
0
0
0
0
0
0
0
0
0
0
0
0
0
0
0
0
0
0
0
0
0
0
0
0
0
0
0
0
0
0
0
0
0
0
0
0
0
0
0
0
0
0
0
0
0
0
0
0
0
0
0
0
0
0
0
0
0
0
0
0
-1057300152
-1056663142
-1056289325
-1056010089
-1055818619
-1055708414
-1055671399
-1055694887
-1055765771
-1055873670
-1056003169
-1056145565
-1056283663
-1056413162
-1056524521
-1056610818
-1056671007
-1056702254
-1056703827
-1056681912
-1056639864
-1056584604
-1056523892
-1056459928
-1056399321
-1056349618
-1056310297
-1056282195
-1056264264
-1056252730
-1056244656
-1056229137
-1056202818
-1056157938
-1056087579
-1055986601
-1055852279
-1055687128
-1055498279
-1055293388
-1055089020
-1054897026
-1054739530
-1054639915
-1054623138
-1054717510
-1054940122
-1055315408
-1055860562
-1056588274
-1058043173
-1060248119
-1062806435
-1066021369
-1072344282
-1086816644
1064737660
1076606114
1082976213
1086501526
1089875843
1091770096
1093200249
1094463783
1095543816
1096426717
1097113534
1097608462
1097924084
1098076127
1098086613
1097979658
1097785672
1097527722
1097236218
1096935277
1096646918
1096387920
1096174010
1096011481
1095903478
1095852098
1095850000
1095890895
1095965344
1096061813
1096168767
1096274674
1096369046
1096443494
1096492777
1096514798
1096510603
1096481243
1096435106
1096379531
1096325005
1096284111
1096267334
1096282014
1096333394
1096428814
1096565129
1096739193
1096938422
1097150235
1097350513
1097515139
1097613705
1097617900
1097496265
1097219441
1096761213
1096097464
1095212466
1094105170
1092773478
1091238363
1088519825
1084795702
1079611752
1069434274
-1093478205
-1072791395
-1065768452
-1062483473
-1059958712
-1058101684
-1056990822
-1056826301
-1057216266
-1058578786
-1060736336
-1063619081
-1068904533
-1080089484
1062510149
1077871955
1084518878
1088856208
1091680652
1093413110
1094819250
1095838466
1096431960
1096573518
1096257896
1095495582
1094319079
1092774527
1090921798
1087154160
1082681983
1074029553
-1110800010
-1073082899
-1065291140
-1061901094
-1059160116
-1057166773
-1056473036
-1056294673
-1056530078
-1057353839
-1059335438
-1061955620
-1065096105
-1071922335
-1088576071
1067645823
1078657968
1084277287
1087964709
1090945706
1092485225
1093837783
1094995411
1095962198
1096747581
1097371484
1097854878
1098219782
1098489266
1098685350
1098821665
1098908697
1098928620
1098922852
1098858365
1098694787
1098427400
1098024747
1097464807
1096724513
1095786037
1094639944
1093282038
1091719974
1089435022
1085648404
1081175389
1072215936
-1107371418
-1073780412
-1066512522
-1062737858
-1060107190
-1058146353
-1056958107
-1056775025
-1057078693
-1058430727
-1060600440
-1063516321
-1068791287
-1080056768
1062911292
1078099286
1084689377
1089076199
1091809313
1093557813
1094975488
1096006238
1096614412
1096772747
1096481243
1095758774
1094633652
1093153063
1091379082
1088249083
1083967118
1076977310
1060033496
-1079480471
-1068870140
-1063679898
-1060784570
-1058494271
-1056908824
-1056416832
-1056249584
-1056384326
-1056794214
-1057912521
-1059585419
-1061550660
-1063703177
-1066557401
-1071064180
-1077094751
-1088351424
1048428360
1065463946
1070850271
1074450242
1076080987
1077223096
1077915156
1078214630
1078212952
1077961294
1077553607
1077056163
1076531875
1076023945
1075578929
1075220736
1074981660
1074854573
1074852895
1074955236
1075155304
1075427515
1075758026
1076119156
1076492029
1076859870
1077196253
1077487757
1077727252
1077904671
1078020434
1078081251
1078076218
1078033855
1077947453
1077833787
1077696633
1077549833
1077401774
1077262103
1077128305
1077009606
1076895941
1076793600
1076692097
1076594370
1076499159
1076398496
1076287767
1076162357
1076021428
1075871272
1075698047
1075527339
1075343209
1075176276
1075029895
1074930490
1074873867
1074870511
1074929231
1075057577
1075256807
1075519789
1075827651
1076166132
1076524745
1076864483
1077176540
1077428198
1077604359
1077679017
1077665595
1077539766
1077313693
1076996604
1076599823
1076153549
1075684206
1075211089
1074779914
1074404105
1074122247
1073941473
1073877300
1073934762
1074100018
1074369711
1074708192
1075102876
1075519789
1075922023
1076281056
1076570463
1076768014
1076869097
1076876647
1076791922
1076644702
1076458055
1076265537
1076108670
1076018073
1076032753
1076167390
1076440859
1076829671
1077330471
1077902993
1078474677
1078975057
1079324862
1079430559
1079188547
1078510328
1077315371
1075557958
1072642916
1066689521
1050748314
-1088009336
-1076183748
-1070260971
-1065467720
-1063059351
-1060859019
-1058912862
-1057312945
-1056558599
-1056233331
-1056191283
-1056449233
-1057056254
-1058770256
-1061036648
-1063796500
-1068567311
-1077298594
1043838785
1073586635
1081214396
1085344317
1088822234
1091280830
1092731535
1094009750
1095106560
1096026161
1096773796
1097370436
1097834955
1098186228
1098446275
1098635018
1098765042
1098842636
1098867802
1098837393
1098737779
1098554278
1098266968
1097856975
1097304375
1096594489
1095714734
1094661964
1093436178
1092047130
1090506667
1087199248
1083718605
1078134938
1068094613
-1094986813
-1073776217
-1067342574
-1063417335
-1060813511
-1058577737
-1056846643
-1056122392
-1055589820
-1055241798
-1055055361
-1055012893
-1055083777
-1055243370
-1055463571
-1055714601
-1055971607
-1056213094
-1056419244
-1056575586
-1056671321
-1056700577
-1056664401
-1056560172
-1056395231
-1056179644
-1055928615
-1055651686
-1055370353
-1055101708
-1054866407
-1054688150
-1054587486
-1054589583
-1054713315
-1054976927
-1055392793
-1055976640
-1056734026
-1058371168
-1060582824
-1063126460
-1066572920
-1072756582
-1087737378
1064868187
1076427856
1082788099
1086221137
1089513875
1091555977
1092961174
1094208979
1095282721
1096170865
1096868168
1097381970
1097721709
1097905209
1097952395
1097888432
1097741631
1097539256
1097305424
1097069494
1096850342
1096664744
1096526332
1096441397
1096410989
1096436154
1096507458
1096616509
1096754921
1096904868
1097056911
1097197421
1097314861
1097403990
1097460613
1097483682
1097471099
1097434399
1097384067
1097327444
1097276064
1097240412
1097230975
1097256141
1097316958
1097416573
1097548694
1097704931
1097869558
1098022650
1098142188
1098203005
1098179936
1098046767
1097780429
1097359950
1096770650
1096003092
1095056228
1093932155
1092644504
1091213407
1088807345
1085535578
1082164406
1075405285
1061989216
-1086466336
-1072924354
-1067303987
-1063792935
-1061558629
-1059634912
-1058014442
-1056823784
-1056287123
-1055864966
-1055539384
-1055289927
-1055103176
-1054968853
-1054881821
-1054841242
-1054855922
-1054942324
-1055120373
-1055411143
-1055840535
-1056432770
-1057455132
-1059404435
-1061774007
-1064552104
-1070085649
-1080451033
1058581596
1075720277
1082913299
1086831827
1090531833
1092216370
1093667914
1094829736
1095654965
1096105853
1096164573
1095826932
1095106560
1094029672
1092635066
1090979994
1087723327
1083741254
1077127466
1062794691
-1081707646
-1070230772
-1064375314
-1061358351
-1058789340
-1056824938
-1056004532
-1055404537
-1055007021
-1054782521
-1054707024
-1054744773
-1054865359
-1055040471
-1055244419
-1055451408
-1055646653
-1055818514
-1055957975
-1056065244
-1056138225
-1056180063
-1056194429
-1056191598
-1056170417
-1056140427
-1056103727
-1056069648
-1056036513
-1056010194
-1055994675
-1055994361
-1056011348
-1056056856
-1056132563
-1056248955
-1056414315
-1056638606
-1056926230
-1057614515
-1058488189
-1059521456
-1060710960
-1062051460
-1063527435
-1065122110
-1068262385
-1071738205
-1076758367
-1085277334
-1136616387
1060989630
1068951090
1073895755
1076090634
1077881183
1079259850
1080245931
1080833134
1081075145
1081019780
1080711918
1080212377
1079587006
1078882782
1078164298
1077465108
1076837220
1076297413
1075870433
1075561313
1075374667
1075302944
1075327690
1075432548
1075587318
1075766834
1075950964
1076117058
1076255470
1076340195
1076355714
1076292380
1076158582
1075953061
1075685884
1075372989
1075018570
1074630597
1074240527
1073844165
1073207470
1072561547
1072002027
1071574208
1071297384
1071173232
1071188332
1071324227
1071596018
1071964278
1072405519
1072861859
1073324910
1073730080
1073903305
1074006904
1074027876
1073960767
1073799705
1073327427
1072614395
1071709264
1070656494
1069463634
1068170111
1066819545
1065451363
1062836969
1060264854
1057831990
1054219184
1050296000
1045248743
1039242499
1028986654
995068868
-1124584573
-1119013732
-1117027847
-1117216825
-1119120033
-1121161484
-1123452581
-1126933383
-1128799547
-1128020010
-1124140044
-1120793728
-1115965379
-1112949641
-1109960478
-1106932526
-1105413181
-1104083755
-1102982498
-1102373150
-1102292619
-1102669771
-1103687141
-1105282990
-1107249951
-1112146482
-1120212296
978256347
1027365304
1035821289
1040971895
1043706581
1046105723
1048152543
1049068915
1049521564
1049629945
1049415196
1048808532
1047144568
1044456187
1041198051
1034647018
1017049866
-1118697515
-1107163380
-1101768499
-1097553056
-1094830113
-1092201124
-1090107663
-1088913293
-1087855993
-1086976028
-1086372887
-1085956644
-1085810011
-1085902789
-1086236823
-1086868989
-1087754323
-1088794007
-1090027468
-1092281990
-1095199548
-1098237566
-1103577754
-1111680881
-1134351866
1030030600
1038363373
1042140931
1043731411
1044391091
1043900525
1042265754
1039494829
1032920173
1011229112
-1118493236
-1107783466
-1102810028
-1098565057
-1096445424
-1094521077
-1092764167
-1091175365
-1090139707
-1089505864
-1088947183
-1088379442
-1087827136
-1087261576
-1086632095
-1085969898
-1085261396
-1084497697
-1083698598
-1082883393
-1082150900
-1081803276
-1081523097
-1081325964
-1081233690
-1081255500
-1081399784
-1081655637
-1082033963
-1082935571
-1084121384
-1085465407
-1086924354
-1088416352
-1089887210
-1092055833
-1094532150
-1096764526
-1098532509
-1100919572
-1102729498
-1103807937
-1104262264
-1104103887
-1103639494
-1102949615
-1102393282
-1101958417
-1101961101
-1102356373
-1103213353
-1104570294
-1106539939
-1110168515
-1115289056
-1124771404
1000988943
1024369564
1029969128
1032419809
1032095003
1029288912
1022137255
-1143477275
-1119617980
-1111444389
-1106218488
-1103248249
-1100635030
-1098699275
-1098051339
-1097777199
-1097985908
-1098673103
-1100577988
-1103267040
-1106465448
-1112849112
-1124880389
1017798801
1032614022
1037817107
1040916194
1042273135
1042889195
1043026768
1042532847
1041681906
1040510186
1038195601
1035616205
1033184045
1030652028
1027431339
1025281976
1024071064
1022858810
1020653344
1018924620
1016191410
1010769550
984826123
-1135438492
-1123605052
-1117759870
-1113530401
-1110259783
-1107469397
-1106045347
-1105015897
-1104487079
-1104411917
-1104757528
-1105689670
-1107048624
-1110196701
-1114177867
-1121359590
-1143157515
1022385289
1032104129
1036670351
1040562531
1042610693
1044701134
1046853315
1048862555
1049993004
1051201634
1052487440
1053909141
1055382181
1056784421
1057562212
1058151093
1058639981
1058981733
1059135076
1059099509
1058840301
1058347889
1057590230
1056299559
1054013831
1051436180
1048760885
1043673697
1037246682
1023702502
-1124846566
-1113201970
-1107740517
-1105536662
-1104177036
-1103319385
-1102853649
-1102733524
-1102514749
-1102484550
-1102367781
-1102102701
-1101569857
-1101118214
-1100559197
-1100179361
-1099778721
-1099777379
-1100068631
-1100865214
-1102091293
-1103848874
-1106060782
-1109943030
-1115498301
-1129325680
1017599085
1030708668
1035806660
1039390139
1041179932
1041981212
1042377154
1042277162
1041884575
1041257778
1040532332
1039525699
1038035882
1037175546
1036536133
1036534791
1036802018
1037068172
1037694969
1038192917
1038627782
1038680127
1038321766
1037635913
1036658674
1035179594
1033358126
1031062197
1027988074
1025942596
1025046022
1026778236
1030244006
1033706689
1037690942
1041512792
1044370287
1047610975
1049769196
1051441548
1053063570
1054569157
1055816711
1056699528
1057124998
1057208381
1057155365
1056905217
1056250570
1055408353
1054448361
1053388712
1052329734
1051280487
1050428876
1049672894
1049051131
1048444467
1047565341
1046994244
1046288930
1045805075
1045270217
1044802469
1044172987
1043656249
1042912012
1042134891
1041343007
1040680642
1039914930
1038693549
1037717786
1036986299
1036408223
1035946246
1035304551
1034595747
1033386848
1031509679
1027451472
1019932863
-1164786970
-1123117036
-1113972112
-1108049217
-1104266962
-1100737707
-1097907726
-1095957207
-1094026485
-1092162536
-1090464011
-1089711385
-1089079052
-1088595197
-1088262504
-1088111845
-1088127112
-1088312333
-1088660628
-1089213940
-1089936535
-1091094834
-1093160445
-1095498518
-1098089591
-1102839556
-1110310786
-1136768858
1034374825
1043476397
1049018583
1051885809
1054589961
1056994639
1058077105
1059018307
1059789891
1060400917
1060828233
1061115795
1061193138
1061113614
1060904234
1060539497
1060074433
1059499981
1058847347
1058139852
1057382193
1056239161
1054614791
1052938076
1051281494
1049659137
1047731770
1044751466
1041959737
1038615702
1034219669
1028739962
1020068691
994231779
-1134809280
-1127105719
-1123190588
-1122010546
-1121778886
-1122738274
-1125010312
-1129158713
-1136236283
-1159671664
1009922368
1018856437
1023964495
1025936422
1027286652
1027316717
1026912722
1025693488
1023447489
1017822424
1009955654
991433608
-1148963452
-1144889460
-1153758675
1003170572
1019314388
1028520919
1034669567
1040126994
1043104614
1046158068
1048782360
1050006761
1050899980
1051245255
1050966753
1049831271
1046773456
1040275305
-1146936657
-1104128718
-1094716028
-1088612142
-1084102426
-1080617127
-1077931934
-1075109167
-1072980558
-1071526812
-1070098652
-1068732986
-1067451626
-1066277641
-1065296803
-1064852836
-1064486463
-1064199573
-1063990696
-1063855220
-1063786224
-1063774270
-1063809293
-1063879338
-1063972871
-1064078357
-1064185522
-1064284927
-1064369861
-1064434663
-1064476816
-1064495691
-1064492755
-1064471154
-1064435712
-1064392091
-1064346373
-1064304850
-1064272344
-1064253260
-1064250114
-1064263746
-1064292267
-1064332952
-1064380347
-1064427743
-1064467589
-1064492125
-1064493593
-1064465492
-1064403626
-1064305479
-1064172729
-1064009571
-1063824392
-1063629567
-1063439984
-1063274519
-1063153304
-1063097729
-1063129815
-1063269486
-1063535195
-1063941623
-1064498627
-1065211239
-1066803606
-1068831972
-1071128773
-1073655841
-1078988898
-1087192118
-1143754945
1060080137
1068397442
1073785445
1076321321
1078629446
1080671653
1082275345
1082995927
1083560899
1083975087
1084247926
1084393469
1084429749
1084376901
1084255896
1084088753
1083895815
1083695746
1083504486
1083334617
1083195366
1083091976
1083026335
1082996765
1082999072
1083026964
1083072682
1083127628
1083183412
1083232485
1083268347
1083286592
1083285334
1083264362
1083226404
1083176282
1083120288
1083066391
1083023190
1082999072
1083001799
1083037660
1083110221
1083220322
1083365235
1083538250
1083728881
1083922239
1084100287
1084241425
1084322166
1084318181
1084204935
1083959358
1083561529
1082995507
1082251857
1080523175
1078320326
1075789903
1072206709
1066122451
1051267065
-1092299438
-1080313460
-1074125183
-1071078860
-1068566472
-1066491550
-1065145388
-1064662624
-1064498207
-1064664302
-1065161117
-1066598505
-1068812259
-1071534362
-1075594868
-1082774677
-1110036982
1061308397
1070345277
1075297911
1078168912
1080540791
1082223965
1082778242
1082975165
1082806344
1082278072
1080692205
1078351364
1075497140
1070747091
1062058674
-1115199801
-1083275813
-1075761801
-1071575466
-1068814356
-1066571242
-1065139097
-1064641652
-1064483317
-1064663882
-1065169715
-1066596408
-1068732147
-1071304095
-1074677154
-1080937572
-1094928763
1053845388
1066707137
1072687376
1075962708
1078418473
1080550438
1082238645
1082971390
1083549155
1083987670
1084307066
1084528945
1084674697
1084763616
1084810592
1084825482
1084811431
1084765503
1084678472
1084535236
1084316713
1084001721
1083567820
1082994668
1082266118
1080612094
1078483065
1076026881
1072805655
1066806962
1054139996
-1095099220
-1080946799
-1074654505
-1071279768
-1068699432
-1066561595
-1065154825
-1064655494
-1064485415
-1064657171
-1065170344
-1066666872
-1068942282
-1071730655
-1076113283
-1084022231
-1129238707
1062760297
1071055792
1075622969
1078444897
1080755959
1082299043
1082823541
1082998863
1082821653
1082302189
1080797902
1078557724
1075844429
1071791473
1064934289
1042111403
-1087717916
-1078284255
-1072925193
-1070163244
-1067806045
-1065911058
-1064933995
-1064493174
-1064306527
-1064361683
-1064637877
-1065107430
-1066121612
-1067629045
-1069308864
-1071085991
-1072889122
-1075565507
-1078906690
-1081968532
-1087241108
-1093274194
-1102980485
-1138913228
1039971301
1046139277
1049133004
1049860799
1049762485
1049057842
1047336499
1044709187
1041971146
1038552620
1033973514
1028672585
1022720834
1015203567
1007018004
1001632330
1003900502
1008907897
1013623556
1016611243
1018363589
1019283249
1019235468
1018244404
1016458235
1013198354
1007962682
998931010
-1210402985
-1151877050
-1146318181
-1145088532
-1146876098
-1153463182
958711970
998171982
1006731852
1010938128
1014677971
1016330996
1017312933
1017734914
1017575463
1016861961
1015652391
1013053399
1009204035
1003343230
990943122
-1158810953
-1145579447
-1139557688
-1136457473
-1134030817
-1132418057
-1132013256
-1132055669
-1132653206
-1134568761
-1137351900
-1140962142
-1149436220
971233024
1000439832
1008280187
1012644304
1015670108
1017024097
1017778937
1017863763
1017253877
1015986862
1013319687
1008911870
1001712860
984005784
-1156132504
-1147499727
-1145663414
-1147782980
-1160467092
995308527
1008607679
1015836538
1020056343
1023724782
1025368950
1026454234
1026811790
1026345518
1025053806
1022685400
1017708607
1009892303
990960302
-1151356500
-1148807544
989318658
1015196588
1025432569
1032834408
1038035882
1042034228
1045023257
1047735797
1049164545
1049587331
1049168236
1046723795
1041004107
1002398981
-1103863638
-1093500687
-1087182555
-1081827603
-1078636577
-1075162854
-1072626559
-1070774773
-1068968287
-1067282596
-1065795715
-1064967759
-1064531971
-1064296042
-1064281781
-1064503240
-1064964194
-1065966423
-1067796398
-1070018540
-1072569516
-1077008348
-1083795235
-1104235421
1057962349
1067620657
1073279612
1076129222
1078491454
1080568893
1082239274
1082980617
1083580613
1084051843
1084409617
1084671341
1084853584
1084971444
1085036875
1085056588
1085033310
1084964313
1084841840
1084654984
1084389694
1084030452
1083562997
1082973907
1082253954
1080667459
1078688586
1076455539
1073995579
1068951929
1061397316
1034112563
-1088679418
-1079708641
-1074225008
-1071406436
-1069045462
-1066942857
-1065241228
-1064488351
-1063892550
-1063450889
-1063155191
-1062992452
-1062945895
-1062995807
-1063121217
-1063300314
-1063511707
-1063735473
-1063953367
-1064149660
-1064311770
-1064429630
-1064496949
-1064509951
-1064468847
-1064375943
-1064237321
-1064060951
-1063857947
-1063641521
-1063426772
-1063231108
-1063072144
-1062969174
-1062941281
-1063006293
-1063181615
-1063481718
-1063918345
-1064499256
-1065228016
-1066852680
-1068881045
-1071164005
-1073666746
-1078950311
-1086987604
-1127032168
1059660539
1068155850
1073575730
1076198428
1078519136
1080581056
1082242630
1082976213
1083553769
1083978442
1084259041
1084408778
1084445268
1084388855
1084261558
1084085817
1083883441
1083674146
1083475545
1083301062
1083160972
1083060729
1083002428
1082983973
1083000540
1083044581
1083107076
1083177750
1083247375
1083306515
1083348458
1083367961
1083362928
1083333778
1083284285
1083220112
1083149648
1083082120
1083028013
1082996765
1082997395
1083036402
1083117561
1083240874
1083401935
1083592566
1083799975
1084006964
1084193400
1084336636
1084412763
1084397663
1084268269
1084005076
1083591937
1083018576
1082280378
1080629291
1078523331
1076143902
1073331621
1067772491
1058633438
-1110713171
-1085614556
-1078244829
-1073331202
-1070871242
-1068653294
-1066703362
-1065193832
-1064499046
-1063938058
-1063498704
-1063166306
-1062923875
-1062754006
-1062641389
-1062573860
-1062543871
-1062549114
-1062593364
-1062686268
-1062842086
-1063079484
-1063418803
-1063881225
-1064485415
-1065246471
-1066993189
-1069181357
-1071688293
-1075218219
-1081263050
-1095725681
1054649688
1067035132
1073226763
1076339776
1078851325
1080924150
1082304705
1082791874
1082969503
1082830252
1082379154
1081137221
1079115566
1076640088
1073801803
1067666794
1056981889
-1097753376
-1081659831
-1075485816
-1071755821
-1069189746
-1066960473
-1065223822
-1064476816
-1063911634
-1063516950
-1063276197
-1063167564
-1063167354
-1063250611
-1063392798
-1063570217
-1063762946
-1063952948
-1064126592
-1064273392
-1064386639
-1064462765
-1064500933
-1064502611
-1064471364
-1064411595
-1064329177
-1064230401
-1064122607
-1064012507
-1063908278
-1063817472
-1063748056
-1063708420
-1063706532
-1063750572
-1063847671
-1064004747
-1064227045
-1064518759
-1064881986
-1065315887
-1066283513
-1067414297
-1068654553
-1069984566
-1071378753
-1072809011
-1074748457
-1077570385
-1080281583
-1083520089
-1088171740
-1094094600
0
0
0
0
0
0
0
0
0
0
0
0
0
0
0
0
0
0
0
0
0
0
0
0
0
0
0
0
0
0
0
0
0
0
0
0
0
0
0
0
0
0
0
0
0
0
0
0
0
0
0
0
0
0
0
0
0
0
0
0
0
0
0
0
0
0
0
0
0
0
0
0
0
0
0
0
0
0
0
0
0
0
0
0
0
0
0
0
0
0
0
0
0
0
0
0
0
0
0
0
0
0
0
0
0
0
0
0
0
0
0
0
0
0
0
0
0
0
0
0
0
0
0
0
0
0
0
0
