0
0
0
0
0
0
0
0
0
0
0
0
0
0
0
0
0
0
0
0
0
0
0
0
0
0
0
0
0
0
0
0
0
0
0
0
0
0
0
0
0
0
0
0
0
0
0
0
0
0
0
0
0
0
0
0
0
0
0
0
0
0
0
0
0
0
0
0
0
0
0
0
0
0
0
0
0
0
0
0
0
0
0
0
0
0
0
0
0
0
0
0
0
0
0
0
0
0
0
0
0
0
0
0
0
0
0
0
0
0
0
0
0
0
0
0
0
0
0
0
0
0
0
0
0
0
0
-1082130176
0
-1082130176
0
-1082130176
0
-1082130176
0
-1082130176
0
-1082130176
0
-1082130176
0
-1082130176
0
-1082130176
0
-1082130176
0
-1082130176
0
-1082130176
0
-1082130176
0
-1082130176
0
-1082130176
0
-1082130176
0
-1082130176
0
-1082130176
0
-1082130176
0
-1082130176
0
-1082130176
0
-1082130176
0
-1082130176
0
-1082130176
0
-1082130176
0
-1082130176
0
-1082130176
0
-1082130176
0
1064737773
0
1065353216
0
1065353216
0
1065353216
0
1065353216
0
1065353216
0
1065353216
0
1065353216
0
1065353216
0
1065353216
0
1065353216
0
1065353216
0
1065353216
0
1065353216
0
1065353216
0
1065353216
0
1065353216
0
1065353216
0
1065353216
0
1065353216
0
1065353216
0
1065353216
0
1065353216
0
1065353216
0
1065353216
0
1065353216
0
1065353216
0
1065353216
0
1065353216
0
1065353216
0
1065353216
0
1065353216
0
1065353216
0
-1093477978
0
-1082130176
0
-1082130176
0
-1082130176
0
-1082130176
0
-1082130176
0
-1082130176
0
1062509993
0
1065353216
0
1065353216
0
1065353216
0
1065353216
0
1065353216
0
1065353216
0
1065353216
0
1065353216
0
-1110802027
0
-1082130176
0
-1082130176
0
-1082130176
0
-1082130176
0
-1082130176
0
-1082130176
0
-1088576197
0
1065353216
0
1065353216
0
1065353216
0
1065353216
0
1065353216
0
1065353216
0
1065353216
0
1065353216
0
1065353216
0
1065353216
0
1065353216
0
1065353216
0
1065353216
0
1065353216
0
1065353216
0
1065353216
0
-1107369474
0
-1082130176
0
-1082130176
0
-1082130176
0
-1082130176
0
-1082130176
0
-1082130176
0
1062911413
0
1065353216
0
1065353216
0
1065353216
0
1065353216
0
1065353216
0
1065353216
0
1065353216
0
1065353216
0
1060033374
0
-1082130176
0
-1082130176
0
-1082130176
0
-1082130176
0
-1082130176
0
-1082130176
0
-1082130176
0
-1082130176
0
-1088351422
0
1065353216
0
1065353216
0
1065353216
0
1065353216
0
1065353216
0
1065353216
0
1065353216
0
1065353216
0
1065353216
0
1065353216
0
1065353216
0
1065353216
0
1065353216
0
1065353216
0
1065353216
0
1065353216
0
1065353216
0
1065353216
0
1065353216
0
1065353216
0
1065353216
0
1065353216
0
1065353216
0
1065353216
0
1065353216
0
1065353216
0
1065353216
0
1065353216
0
1065353216
0
1065353216
0
1065353216
0
1065353216
0
1065353216
0
1065353216
0
1065353216
0
1065353216
0
1065353216
0
1065353216
0
1065353216
0
1065353216
0
1065353216
0
1065353216
0
1065353216
0
1065353216
0
1065353216
0
1065353216
0
1065353216
0
1065353216
0
1065353216
0
1065353216
0
1065353216
0
1065353216
0
1065353216
0
1065353216
0
1065353216
0
1065353216
0
1065353216
0
1065353216
0
1065353216
0
1050748226
0
-1082130176
0
-1082130176
0
-1082130176
0
-1082130176
0
-1082130176
0
-1082130176
0
-1082130176
0
-1082130176
0
-1082130176
0
1065353216
0
1065353216
0
1065353216
0
1065353216
0
1065353216
0
1065353216
0
1065353216
0
1065353216
0
1065353216
0
1065353216
0
1065353216
0
1065353216
0
1065353216
0
1065353216
0
1065353216
0
1065353216
0
1065353216
0
-1094986376
0
-1082130176
0
-1082130176
0
-1082130176
0
-1082130176
0
-1082130176
0
-1082130176
0
-1082130176
0
-1082130176
0
-1082130176
0
-1082130176
0
-1082130176
0
-1082130176
0
-1082130176
0
-1082130176
0
-1082130176
0
-1082130176
0
-1082130176
0
-1082130176
0
-1082130176
0
-1082130176
0
-1082130176
0
-1087737515
0
1065353216
0
1065353216
0
1065353216
0
1065353216
0
1065353216
0
1065353216
0
1065353216
0
1065353216
0
1065353216
0
1065353216
0
1065353216
0
1065353216
0
1065353216
0
1065353216
0
1065353216
0
1065353216
0
1065353216
0
1065353216
0
1065353216
0
1065353216
0
1065353216
0
1065353216
0
1065353216
0
1065353216
0
1065353216
0
1065353216
0
1065353216
0
1065353216
0
1065353216
0
1065353216
0
1065353216
0
1065353216
0
1065353216
0
-1086466180
0
-1082130176
0
-1082130176
0
-1082130176
0
-1082130176
0
-1082130176
0
-1082130176
0
-1082130176
0
-1082130176
0
-1082130176
0
-1082130176
0
-1082130176
0
-1082130176
0
-1082130176
0
1058581809
0
1065353216
0
1065353216
0
1065353216
0
1065353216
0
1065353216
0
1065353216
0
1065353216
0
1065353216
0
1065353216
0
-1082130176
0
-1082130176
0
-1082130176
0
-1082130176
0
-1082130176
0
-1082130176
0
-1082130176
0
-1082130176
