 0.97363
 0.86384
 0.46556
 0.76312
 0.57414
 0.23502
 0.42914
 0.55661
 0.53809
 0.62958
 0.63745
 0.32749
 0.71634
 0.67416
 0.46946
 0.89515
 0.18109
 0.59935
 0.21069
 0.92988
 0.60885
 0.24084
 0.018243
 0.93799
 0.056007
 0.025260
 0.25544
 0.45922
 0.84641
 0.48486
 0.042580
 0.34461
 0.98821
 0.91534
 0.88656
 0.17586
 0.15727
 0.15284
 0.57803
 0.28048
 0.87091
 0.95389
 0.77831
 0.11895
 0.89921
 0.93681
 0.93312
 0.084922
 0.57529
 0.72932
 0.78275
 0.93801
 0.62261
 0.72763
 0.61914
 0.86415
 0.29880
 0.14997
 0.98484
 0.95541
 0.18837
 0.059077
 0.93944
 0.75418
 0.26672
 0.75141
 0.84143
 0.27305
 0.59840
 0.14584
 0.96118
 0.44059
 0.68448
 0.13001
 0.11017
 0.37233
 0.20433
 0.98444
 0.95607
 0.31631
 0.24344
 0.63039
 0.39082
 0.20261
 0.21821
 0.46138
 0.90529
 0.77603
 0.55101
 0.46351
 1.5000
 2.5000
 3.7000
 4.9000
 5.3000
 6.4000
 5.7000
 4.4000
 3.8000
 2.9000
 2.3000
 3.3000
 4.6000
 5.6000
 6.6000
 6.5000
 0.98881
 0.17945
 0.15536
 0.44237
 0.57465
 0.88494
 0.52908
 0.048976
 0.12621
 0.090908
 0.19920
 0.54523
 0.72816
 0.58186
 0.018889
 0.24343
 0.58732
 0.31989
 0.89682
 0.65488
 0.81160
 0.43844
 0.81911
 0.072628
 0.40553
 0.35158
 0.11829
 0.86049
 0.62932
 0.34978
 0.77331
 0.36380
 0.85861
 0.90028
 0.046899
 0.43905
 0.49558
 0.22159
 0.31225
 0.69909
 0.11137
 0.58701
 0.74523
 0.90774
 0.99598
 0.68389
 0.92514
 0.16561
 0.091469
 0.13593
 0.28011
 0.096632
 0.42653
 0.16101
 0.84130
 0.82191
 0.67844
 0.12446
 0.34906
 0.19896
 4.5000
 7.5000
 11.100
 14.700
 15.900
 19.200
 17.100
 13.200
 11.400
 8.7000
 6.9000
 9.9000
 13.800
 16.800
 19.800
 19.500
 0.076749
 0.11342
 0.29200
 0.37004
 0.59575
 0.73022
 0.17592
 0.48188
 0.82827
 0.91981
 0.15360
 0.61711
 0.52603
 0.11988
 0.87992
 0.045893
 0.033896
 0.93922
 0.54260
 0.58770
 0.52224
 0.77224
 0.42229
 0.54394
 0.39749
 0.24397
 0.059520
 0.16159
 0.66690
 0.52145
 0.81470
 0.83212
 0.52543
 0.76750
 0.41413
 0.42151
 0.013578
 0.30063
 0.65474
 0.12107
