0.15234
0.040289
0.78460
0.024365
0.67561
0.24873
0.41565
0.15216
0.35916
0.24178
0.048702
0.64740
0.67437
0.91284
0.98953
0.26499
0.36089
0.56884
0.55880
0.18363
0.73627
0.67408
0.075564
0.18222
0.54126
0.46459
0.019374
0.042939
0.45451
0.86793
0.64372
0.60165
0.75099
0.27607
0.48917
0.85154
0.70934
0.74520
0.91591
0.10961
0.85906
0.92057
0.37909
0.89759
0.44070
0.55748
0.046879
0.035363
0.94660
0.78640
0.26360
0.23189
0.31564
0.61012
0.033540
0.36683
0.78049
0.0016915
0.16517
0.94473
0.53059
0.025671
0.68316
0.38070
0.76097
0.094231
0.97825
0.68476
0.24056
0.81546
0.10028
0.74173
0.59413
0.63491
0.69341
0.51431
0.73451
0.86664
0.72344
0.79780
0.014297
0.79748
0.12275
0.38242
0.61936
0.39202
0.52144
0.81431
0.77595
0.33378
1.5000
2.5000
3.7000
4.9000
5.3000
6.4000
5.7000
4.4000
3.8000
2.9000
2.3000
3.3000
4.6000
5.6000
6.6000
6.5000
0.55827
0.50830
0.58437
0.22320
0.46110
0.66059
0.94278
0.35648
0.72065
0.063428
0.47795
0.27246
0.57560
0.081095
0.96190
0.33339
0.49057
0.85538
0.85219
0.94341
0.054204
0.36070
0.10390
0.62833
0.99912
0.066658
0.67180
0.53293
0.80546
0.62169
0.78086
0.48708
0.034692
0.38914
0.21890
0.86860
0.35474
0.48250
0.25633
0.034929
0.87709
0.72388
0.83440
0.93052
0.97932
0.48050
0.50954
0.56057
0.44860
0.19859
0.10064
0.84520
0.10293
0.39450
0.46497
0.69546
0.12005
0.51221
0.39129
0.65220
4.5000
7.5000
11.100
14.700
15.900
19.200
17.100
13.200
11.400
8.7000
6.9000
9.9000
13.800
16.800
19.800
19.500
0.99656
0.21724
0.21836
0.30586
0.041971
0.081375
0.56635
0.83688
0.21962
0.66205
0.73843
0.99379
0.66784
0.92501
0.098823
0.34330
0.68883
0.47926
0.22062
0.39759
0.73660
0.22483
0.55340
0.34559
0.14469
0.22478
0.86931
0.88140
0.20053
0.10926
0.44953
0.42060
0.65729
0.19740
0.22915
0.36991
0.65431
0.54856
0.25073
0.72609
